    11
1_Uncultur     0.000000  0.031946  0.032834  0.011669  0.093060  0.102548  0.042376  0.082238  0.028942  0.087800  0.022237
4_Rhizopha     0.031946  0.000000  0.064780  0.025708  0.093204  0.102692  0.074322  0.082382  0.060888  0.055854  0.054183
10_Glomus_     0.032834  0.064780  0.000000  0.039072  0.094865  0.109747  0.027248  0.068818  0.012465  0.120634  0.016545
11_Rhizoph     0.011669  0.025708  0.039072  0.000000  0.084387  0.093875  0.048614  0.073565  0.035180  0.081562  0.028475
12_Gigaspo     0.093060  0.093204  0.094865  0.084387  0.000000  0.014882  0.078345  0.026047  0.101509  0.125536  0.090245
13_Gigaspo     0.102548  0.102692  0.109747  0.093875  0.014882  0.000000  0.093227  0.040929  0.116392  0.133637  0.105127
14_Glomus_     0.042376  0.074322  0.027248  0.048614  0.078345  0.093227  0.000000  0.063986  0.039713  0.130176  0.020139
15_Rhizoph     0.082238  0.082382  0.068818  0.073565  0.026047  0.040929  0.063986  0.000000  0.075462  0.123311  0.079345
16_Glomus_     0.028942  0.060888  0.012465  0.035180  0.101509  0.116392  0.039713  0.075462  0.000000  0.116742  0.023033
17_Glomero     0.087800  0.055854  0.120634  0.081562  0.125536  0.133637  0.130176  0.123311  0.116742  0.000000  0.110037
18_Glomus_     0.022237  0.054183  0.016545  0.028475  0.090245  0.105127  0.020139  0.079345  0.023033  0.110037  0.000000
