0.000000  0.016764  0.034286  0.023510  0.049565  0.073617  0.025882  0.032941  0.054574  0.085767  0.013864  
0.016764  0.000000  0.071429  0.037975  0.068323  0.076767  0.069545  0.024122  0.088768  0.030367  0.026149  
0.034286  0.071429  0.000000  0.030997  0.036894  0.062201  0.018208  0.067227  0.020023  0.111508  0.044657  
0.023510  0.037975  0.030997  0.000000  0.083675  0.074280  0.029967  0.066624  0.051633  0.065936  0.012453  
0.049565  0.068323  0.036894  0.083675  0.000000  0.026352  0.035189  0.060233  0.044331  0.120971  0.084441  
0.073617  0.076767  0.062201  0.074280  0.026352  0.000000  0.050325  0.037736  0.069828  0.083359  0.108505  
0.025882  0.069545  0.018208  0.029967  0.035189  0.050325  0.000000  0.058823  0.047748  0.085957  0.036902  
0.032941  0.024122  0.067227  0.066624  0.060233  0.037736  0.058823  0.000000  0.112890  0.023551  0.063137  
0.054574  0.088768  0.020023  0.051633  0.044331  0.069828  0.047748  0.112890  0.000000  0.119135  0.040959  
0.085767  0.030367  0.111508  0.065936  0.120971  0.083359  0.085957  0.023551  0.119135  0.000000  0.086933  
0.013864  0.026149  0.044657  0.012453  0.084441  0.108505  0.036902  0.063137  0.040959  0.086933  0.000000  
0.000000  0.026950  0.028843  0.008211  0.075967  0.090305  0.035933  0.077729  0.026471  0.082284  0.020024  
0.026950  0.000000  0.061031  0.018486  0.072051  0.085344  0.071869  0.075453  0.055696  0.047427  0.046974  
0.028843  0.061031  0.000000  0.033984  0.071009  0.099156  0.023149  0.061637  0.015325  0.114589  0.013361  
0.008211  0.018486  0.033984  0.000000  0.067796  0.082134  0.041074  0.069518  0.030718  0.075795  0.027582  
0.075967  0.072051  0.071009  0.067796  0.000000  0.005303  0.056898  0.005669  0.081440  0.119478  0.076091  
0.090305  0.085344  0.099156  0.082134  0.005303  0.000000  0.080932  0.028563  0.099693  0.122196  0.095393  
0.035933  0.071869  0.023149  0.041074  0.056898  0.080932  0.000000  0.058377  0.019160  0.122746  0.017941  
0.077729  0.075453  0.061637  0.069518  0.005669  0.028563  0.058377  0.000000  0.069743  0.117689  0.073560  
0.026471  0.055696  0.015325  0.030718  0.081440  0.099693  0.019160  0.069743  0.000000  0.110663  0.010552  
0.082284  0.047427  0.114589  0.075795  0.119478  0.122196  0.122746  0.117689  0.110663  0.000000  0.104278  
0.020024  0.046974  0.013361  0.027582  0.076091  0.095393  0.017941  0.073560  0.010552  0.104278  0.000000  
0.000000  0.031474  0.032288  0.011146  0.089794  0.100912  0.041842  0.082098  0.028673  0.087117  0.021751  
0.031474  0.000000  0.064491  0.025084  0.089603  0.100721  0.074133  0.081907  0.060147  0.055167  0.053456  
0.032288  0.064491  0.000000  0.038319  0.091052  0.108563  0.026748  0.068385  0.005986  0.119745  0.015994  
0.011146  0.025084  0.038319  0.000000  0.081182  0.092300  0.047873  0.073444  0.034669  0.080909  0.028372  
0.089794  0.089603  0.091052  0.081182  0.000000  0.013107  0.074416  0.022106  0.098423  0.123598  0.087128  
0.100912  0.100721  0.108563  0.092300  0.013107  0.000000  0.091927  0.039617  0.112052  0.129401  0.104176  
0.041842  0.074133  0.026748  0.047873  0.074416  0.091927  0.000000  0.063788  0.033304  0.129300  0.019428  
0.082098  0.081907  0.068385  0.073444  0.022106  0.039617  0.063788  0.000000  0.070290  0.122382  0.079084  
0.028673  0.060147  0.005986  0.034669  0.098423  0.112052  0.033304  0.070290  0.000000  0.115888  0.017117  
0.087117  0.055167  0.119745  0.080909  0.123598  0.129401  0.129300  0.122382  0.115888  0.000000  0.109281  
0.021751  0.053456  0.015994  0.028372  0.087128  0.104176  0.019428  0.079084  0.017117  0.109281  0.000000  
0.000000  0.031922  0.032796  0.011587  0.092605  0.102368  0.042352  0.082232  0.028862  0.087714  0.022162  
0.031922  0.000000  0.064727  0.025655  0.092721  0.102484  0.074289  0.082346  0.060822  0.055792  0.054107  
0.032796  0.064727  0.000000  0.039000  0.094477  0.109660  0.027193  0.068744  0.011198  0.120519  0.016497  
0.011587  0.025655  0.039000  0.000000  0.083939  0.093702  0.048556  0.073552  0.035066  0.081484  0.028452  
0.092605  0.092721  0.094477  0.083939  0.000000  0.014665  0.077976  0.025690  0.100737  0.125127  0.089963  
0.102368  0.102484  0.109660  0.093702  0.014665  0.000000  0.093159  0.040873  0.115544  0.132937  0.104897  
0.042352  0.074289  0.027193  0.048556  0.077976  0.093159  0.000000  0.063979  0.038517  0.130081  0.020078  
0.082232  0.082346  0.068744  0.073552  0.025690  0.040873  0.063979  0.000000  0.074642  0.123226  0.079298  
0.028862  0.060822  0.011198  0.035066  0.100737  0.115544  0.038517  0.074642  0.000000  0.116614  0.021952  
0.087714  0.055792  0.120519  0.081484  0.125127  0.132937  0.130081  0.123226  0.116614  0.000000  0.109940  
0.022162  0.054107  0.016497  0.028452  0.089963  0.104897  0.020078  0.079298  0.021952  0.109940  0.000000  
0.000000  0.031944  0.032832  0.011659  0.093018  0.102540  0.042373  0.082237  0.028924  0.087788  0.022227  
0.031944  0.000000  0.064777  0.025702  0.093159  0.102681  0.074320  0.082379  0.060872  0.055844  0.054174  
0.032832  0.064777  0.000000  0.039067  0.094838  0.109736  0.027242  0.068813  0.012256  0.120621  0.016542  
0.011659  0.025702  0.039067  0.000000  0.084346  0.093868  0.048610  0.073565  0.035157  0.081552  0.028472  
0.093018  0.093159  0.094838  0.084346  0.000000  0.014850  0.078315  0.026015  0.101348  0.125470  0.090189  
0.102540  0.102681  0.109736  0.093868  0.014850  0.000000  0.093213  0.040913  0.116246  0.133545  0.105087  
0.042373  0.074320  0.027242  0.048610  0.078315  0.093213  0.000000  0.063985  0.039514  0.130165  0.020134  
0.082237  0.082379  0.068813  0.073565  0.026015  0.040913  0.063985  0.000000  0.075333  0.123299  0.079340  
0.028924  0.060872  0.012256  0.035157  0.101348  0.116246  0.039514  0.075333  0.000000  0.116722  0.022849  
0.087788  0.055844  0.120621  0.081552  0.125470  0.133545  0.130165  0.123299  0.116722  0.000000  0.110025  
0.022227  0.054174  0.016542  0.028472  0.090189  0.105087  0.020134  0.079340  0.022849  0.110025  0.000000  
0.000000  0.031946  0.032834  0.011668  0.093056  0.102546  0.042376  0.082238  0.028938  0.087798  0.022236  
0.031946  0.000000  0.064780  0.025708  0.093200  0.102690  0.074322  0.082381  0.060884  0.055852  0.054182  
0.032834  0.064780  0.000000  0.039072  0.094856  0.109745  0.027248  0.068818  0.012433  0.120632  0.016545  
0.011668  0.025708  0.039072  0.000000  0.084383  0.093873  0.048614  0.073565  0.035175  0.081560  0.028474  
0.093056  0.093200  0.094856  0.084383  0.000000  0.014878  0.078336  0.026038  0.101480  0.125528  0.090233  
0.102546  0.102690  0.109745  0.093873  0.014878  0.000000  0.093225  0.040927  0.116369  0.133625  0.105122  
0.042376  0.074322  0.027248  0.048614  0.078336  0.093225  0.000000  0.063986  0.039682  0.130175  0.020139  
0.082238  0.082381  0.068818  0.073565  0.026038  0.040927  0.063986  0.000000  0.075442  0.123309  0.079345  
0.028938  0.060884  0.012433  0.035175  0.101480  0.116369  0.039682  0.075442  0.000000  0.116738  0.023003  
0.087798  0.055852  0.120632  0.081560  0.125528  0.133625  0.130175  0.123309  0.116738  0.000000  0.110035  
0.022236  0.054182  0.016545  0.028474  0.090233  0.105122  0.020139  0.079345  0.023003  0.110035  0.000000  
0.000000  0.031946  0.032834  0.011669  0.093059  0.102548  0.042376  0.082238  0.028941  0.087800  0.022237  
0.031946  0.000000  0.064780  0.025708  0.093203  0.102692  0.074322  0.082382  0.060887  0.055854  0.054183  
0.032834  0.064780  0.000000  0.039072  0.094864  0.109747  0.027248  0.068818  0.012461  0.120634  0.016545  
0.011669  0.025708  0.039072  0.000000  0.084386  0.093875  0.048614  0.073565  0.035179  0.081562  0.028475  
0.093059  0.093203  0.094864  0.084386  0.000000  0.014881  0.078344  0.026046  0.101505  0.125536  0.090244  
0.102548  0.102692  0.109747  0.093875  0.014881  0.000000  0.093227  0.040929  0.116388  0.133636  0.105127  
0.042376  0.074322  0.027248  0.048614  0.078344  0.093227  0.000000  0.063986  0.039709  0.130176  0.020139  
0.082238  0.082382  0.068818  0.073565  0.026046  0.040929  0.063986  0.000000  0.075459  0.123311  0.079345  
0.028941  0.060887  0.012461  0.035179  0.101505  0.116388  0.039709  0.075459  0.000000  0.116741  0.023029  
0.087800  0.055854  0.120634  0.081562  0.125536  0.133636  0.130176  0.123311  0.116741  0.000000  0.110037  
0.022237  0.054183  0.016545  0.028475  0.090244  0.105127  0.020139  0.079345  0.023029  0.110037  0.000000  
0.000000  0.031946  0.032834  0.011669  0.093060  0.102548  0.042376  0.082238  0.028942  0.087800  0.022237  
0.031946  0.000000  0.064780  0.025708  0.093204  0.102692  0.074322  0.082382  0.060888  0.055854  0.054183  
0.032834  0.064780  0.000000  0.039072  0.094865  0.109747  0.027248  0.068818  0.012465  0.120634  0.016545  
0.011669  0.025708  0.039072  0.000000  0.084387  0.093875  0.048614  0.073565  0.035180  0.081562  0.028475  
0.093060  0.093204  0.094865  0.084387  0.000000  0.014882  0.078345  0.026047  0.101509  0.125536  0.090245  
0.102548  0.102692  0.109747  0.093875  0.014882  0.000000  0.093227  0.040929  0.116392  0.133637  0.105127  
0.042376  0.074322  0.027248  0.048614  0.078345  0.093227  0.000000  0.063986  0.039713  0.130176  0.020139  
0.082238  0.082382  0.068818  0.073565  0.026047  0.040929  0.063986  0.000000  0.075462  0.123311  0.079345  
0.028942  0.060888  0.012465  0.035180  0.101509  0.116392  0.039713  0.075462  0.000000  0.116742  0.023033  
0.087800  0.055854  0.120634  0.081562  0.125536  0.133637  0.130176  0.123311  0.116742  0.000000  0.110037  
0.022237  0.054183  0.016545  0.028475  0.090245  0.105127  0.020139  0.079345  0.023033  0.110037  0.000000  
0.000000  0.031946  0.032834  0.011669  0.093060  0.102548  0.042376  0.082238  0.028942  0.087800  0.022237  
0.031946  0.000000  0.064780  0.025708  0.093204  0.102692  0.074322  0.082382  0.060888  0.055854  0.054183  
0.032834  0.064780  0.000000  0.039072  0.094865  0.109748  0.027248  0.068818  0.012466  0.120634  0.016545  
0.011669  0.025708  0.039072  0.000000  0.084387  0.093875  0.048614  0.073565  0.035180  0.081562  0.028475  
0.093060  0.093204  0.094865  0.084387  0.000000  0.014883  0.078345  0.026047  0.101510  0.125536  0.090245  
0.102548  0.102692  0.109748  0.093875  0.014883  0.000000  0.093228  0.040930  0.116393  0.133638  0.105128  
0.042376  0.074322  0.027248  0.048614  0.078345  0.093228  0.000000  0.063986  0.039714  0.130176  0.020139  
0.082238  0.082382  0.068818  0.073565  0.026047  0.040930  0.063986  0.000000  0.075463  0.123311  0.079345  
0.028942  0.060888  0.012466  0.035180  0.101510  0.116393  0.039714  0.075463  0.000000  0.116742  0.023034  
0.087800  0.055854  0.120634  0.081562  0.125536  0.133638  0.130176  0.123311  0.116742  0.000000  0.110037  
0.022237  0.054183  0.016545  0.028475  0.090245  0.105128  0.020139  0.079345  0.023034  0.110037  0.000000  
0.000000  0.031946  0.032834  0.011669  0.093060  0.102548  0.042376  0.082238  0.028942  0.087800  0.022237  
0.031946  0.000000  0.064780  0.025708  0.093204  0.102692  0.074322  0.082382  0.060888  0.055854  0.054183  
0.032834  0.064780  0.000000  0.039072  0.094865  0.109748  0.027248  0.068818  0.012466  0.120634  0.016545  
0.011669  0.025708  0.039072  0.000000  0.084387  0.093875  0.048614  0.073565  0.035180  0.081562  0.028475  
0.093060  0.093204  0.094865  0.084387  0.000000  0.014883  0.078345  0.026047  0.101510  0.125536  0.090245  
0.102548  0.102692  0.109748  0.093875  0.014883  0.000000  0.093228  0.040930  0.116393  0.133638  0.105128  
0.042376  0.074322  0.027248  0.048614  0.078345  0.093228  0.000000  0.063986  0.039714  0.130176  0.020139  
0.082238  0.082382  0.068818  0.073565  0.026047  0.040930  0.063986  0.000000  0.075463  0.123311  0.079345  
0.028942  0.060888  0.012466  0.035180  0.101510  0.116393  0.039714  0.075463  0.000000  0.116742  0.023034  
0.087800  0.055854  0.120634  0.081562  0.125536  0.133638  0.130176  0.123311  0.116742  0.000000  0.110037  
0.022237  0.054183  0.016545  0.028475  0.090245  0.105128  0.020139  0.079345  0.023034  0.110037  0.000000  
